{"endpoint":11,"source":"fc03","fc03_flags":17,"fade":8,"on":false,"bri":254,"x":0.6233,"y":0.3595,"r":0,"g":0,"b":0,"_t":6.171}
{"endpoint":11,"source":"fc03","fc03_flags":17,"fade":4,"on":true,"bri":254,"x":0.6233,"y":0.3595,"r":255,"g":123,"b":0,"_t":9.409}
{"endpoint":11,"source":"fc03","fc03_flags":337,"on":true,"bri":254,"gradient":true,"n":5,"style":0,"segments":5,"scale":5.0,"scale_raw":40,"offset":0,"offset_raw":0,"fade":4,"colors":[{"x":0.1577,"y":0.1767,"r":0,"g":255,"b":255},{"x":0.1577,"y":0.1767,"r":0,"g":255,"b":255},{"x":0.1577,"y":0.1767,"r":0,"g":255,"b":255},{"x":0.1577,"y":0.1767,"r":0,"g":255,"b":255},{"x":0.1577,"y":0.1767,"r":0,"g":255,"b":255}],"_t":17.672}
{"endpoint":11,"source":"fc03","fc03_flags":337,"on":true,"bri":254,"gradient":true,"n":5,"style":0,"segments":5,"scale":5.0,"scale_raw":40,"offset":0,"offset_raw":0,"fade":4,"colors":[{"x":0.286,"y":0.2708,"r":255,"g":246,"b":255},{"x":0.286,"y":0.2708,"r":255,"g":246,"b":255},{"x":0.286,"y":0.2708,"r":255,"g":246,"b":255},{"x":0.286,"y":0.2708,"r":255,"g":246,"b":255},{"x":0.286,"y":0.2708,"r":255,"g":246,"b":255}],"_t":17.772}
{"endpoint":11,"source":"fc03","fc03_flags":337,"on":true,"bri":254,"gradient":true,"n":5,"style":0,"segments":5,"scale":5.0,"scale_raw":40,"offset":0,"offset_raw":0,"fade":4,"colors":[{"x":0.4667,"y":0.2315,"r":255,"g":0,"b":255},{"x":0.4667,"y":0.2315,"r":255,"g":0,"b":255},{"x":0.4667,"y":0.2315,"r":255,"g":0,"b":255},{"x":0.4667,"y":0.2315,"r":255,"g":0,"b":255},{"x":0.4667,"y":0.2315,"r":255,"g":0,"b":255}],"_t":17.953}
{"endpoint":11,"source":"fc03","fc03_flags":337,"on":true,"bri":254,"gradient":true,"n":5,"style":0,"segments":5,"scale":5.0,"scale_raw":40,"offset":0,"offset_raw":0,"fade":4,"colors":[{"x":0.4616,"y":0.2301,"r":255,"g":0,"b":255},{"x":0.4616,"y":0.2301,"r":255,"g":0,"b":255},{"x":0.4616,"y":0.2301,"r":255,"g":0,"b":255},{"x":0.4616,"y":0.2301,"r":255,"g":0,"b":255},{"x":0.4616,"y":0.2301,"r":255,"g":0,"b":255}],"_t":18.13}
{"endpoint":11,"source":"fc03","fc03_flags":337,"on":true,"bri":254,"gradient":true,"n":5,"style":0,"segments":5,"scale":5.0,"scale_raw":40,"offset":0,"offset_raw":0,"fade":4,"colors":[{"x":0.4446,"y":0.2338,"r":255,"g":85,"b":255},{"x":0.4446,"y":0.2338,"r":255,"g":85,"b":255},{"x":0.4446,"y":0.2338,"r":255,"g":85,"b":255},{"x":0.4446,"y":0.2338,"r":255,"g":85,"b":255},{"x":0.4446,"y":0.2338,"r":255,"g":85,"b":255}],"_t":22.525}
{"endpoint":11,"source":"fc03","fc03_flags":337,"on":true,"bri":254,"gradient":true,"n":5,"style":0,"segments":5,"scale":5.0,"scale_raw":40,"offset":0,"offset_raw":0,"fade":4,"colors":[{"x":0.319,"y":0.3347,"r":255,"g":254,"b":248},{"x":0.319,"y":0.3347,"r":255,"g":254,"b":248},{"x":0.319,"y":0.3347,"r":255,"g":254,"b":248},{"x":0.319,"y":0.3347,"r":255,"g":254,"b":248},{"x":0.319,"y":0.3347,"r":255,"g":254,"b":248}],"_t":22.713}
{"endpoint":11,"source":"fc03","fc03_flags":337,"on":true,"bri":254,"gradient":true,"n":5,"style":0,"segments":5,"scale":5.0,"scale_raw":40,"offset":0,"offset_raw":0,"fade":4,"colors":[{"x":0.2684,"y":0.6246,"r":0,"g":255,"b":4},{"x":0.2684,"y":0.6246,"r":0,"g":255,"b":4},{"x":0.2684,"y":0.6246,"r":0,"g":255,"b":4},{"x":0.2684,"y":0.6246,"r":0,"g":255,"b":4},{"x":0.2684,"y":0.6246,"r":0,"g":255,"b":4}],"_t":22.97}
{"endpoint":11,"source":"fc03","fc03_flags":337,"on":true,"bri":254,"gradient":true,"n":5,"style":0,"segments":5,"scale":5.0,"scale_raw":40,"offset":0,"offset_raw":0,"fade":4,"colors":[{"x":0.2697,"y":0.6207,"r":0,"g":255,"b":20},{"x":0.2697,"y":0.6207,"r":0,"g":255,"b":20},{"x":0.2697,"y":0.6207,"r":0,"g":255,"b":20},{"x":0.2697,"y":0.6207,"r":0,"g":255,"b":20},{"x":0.2697,"y":0.6207,"r":0,"g":255,"b":20}],"_t":23.736}
{"endpoint":11,"source":"fc03","fc03_flags":337,"on":true,"bri":254,"gradient":true,"n":5,"style":0,"segments":5,"scale":5.0,"scale_raw":40,"offset":0,"offset_raw":0,"fade":4,"colors":[{"x":0.2368,"y":0.3378,"r":92,"g":255,"b":255},{"x":0.2368,"y":0.3378,"r":92,"g":255,"b":255},{"x":0.2368,"y":0.3378,"r":92,"g":255,"b":255},{"x":0.2368,"y":0.3378,"r":92,"g":255,"b":255},{"x":0.2368,"y":0.3378,"r":92,"g":255,"b":255}],"_t":23.852}
{"endpoint":11,"source":"fc03","fc03_flags":337,"on":true,"bri":254,"gradient":true,"n":5,"style":0,"segments":5,"scale":5.0,"scale_raw":40,"offset":0,"offset_raw":0,"fade":4,"colors":[{"x":0.1704,"y":0.0557,"r":255,"g":0,"b":255},{"x":0.1704,"y":0.0557,"r":255,"g":0,"b":255},{"x":0.1704,"y":0.0557,"r":255,"g":0,"b":255},{"x":0.1704,"y":0.0557,"r":255,"g":0,"b":255},{"x":0.1704,"y":0.0557,"r":255,"g":0,"b":255}],"_t":24.043}
{"endpoint":11,"source":"fc03","fc03_flags":337,"on":true,"bri":254,"gradient":true,"n":5,"style":0,"segments":5,"scale":5.0,"scale_raw":40,"offset":0,"offset_raw":0,"fade":4,"colors":[{"x":0.1701,"y":0.0557,"r":255,"g":0,"b":255},{"x":0.1701,"y":0.0557,"r":255,"g":0,"b":255},{"x":0.1701,"y":0.0557,"r":255,"g":0,"b":255},{"x":0.1701,"y":0.0557,"r":255,"g":0,"b":255},{"x":0.1701,"y":0.0557,"r":255,"g":0,"b":255}],"_t":24.287}
{"endpoint":11,"source":"fc03","fc03_flags":18,"fade":4,"on":true,"bri":252,"x":0.6233,"y":0.3595,"r":255,"g":122,"b":0,"_t":90.24}
{"endpoint":11,"source":"fc03","fc03_flags":18,"fade":4,"on":true,"bri":238,"x":0.6233,"y":0.3595,"r":255,"g":119,"b":0,"_t":90.358}
{"endpoint":11,"source":"fc03","fc03_flags":18,"fade":4,"on":true,"bri":214,"x":0.6233,"y":0.3595,"r":255,"g":113,"b":0,"_t":90.547}
{"endpoint":11,"source":"fc03","fc03_flags":18,"fade":4,"on":true,"bri":213,"x":0.6233,"y":0.3595,"r":255,"g":113,"b":0,"_t":90.784}
{"endpoint":11,"source":"fc03","fc03_flags":18,"fade":4,"on":true,"bri":212,"x":0.6233,"y":0.3595,"r":255,"g":113,"b":0,"_t":90.914}
{"endpoint":11,"source":"fc03","fc03_flags":18,"fade":4,"on":true,"bri":212,"x":0.6233,"y":0.3595,"r":255,"g":113,"b":0,"_t":91.147}
{"endpoint":11,"source":"fc03","fc03_flags":18,"fade":4,"on":true,"bri":176,"x":0.6233,"y":0.3595,"r":255,"g":104,"b":0,"_t":91.189}
{"endpoint":11,"source":"fc03","fc03_flags":18,"fade":4,"on":true,"bri":157,"x":0.6233,"y":0.3595,"r":255,"g":98,"b":0,"_t":91.325}
{"endpoint":11,"source":"fc03","fc03_flags":18,"fade":4,"on":true,"bri":157,"x":0.6233,"y":0.3595,"r":255,"g":98,"b":0,"_t":91.464}
{"endpoint":11,"source":"fc03","fc03_flags":339,"on":true,"bri":203,"gradient":true,"n":5,"style":0,"segments":5,"scale":5.0,"scale_raw":40,"offset":0,"offset_raw":0,"fade":4,"colors":[{"x":0.512,"y":0.4362,"r":255,"g":203,"b":0},{"x":0.6152,"y":0.3647,"r":255,"g":122,"b":0},{"x":0.6696,"y":0.323,"r":255,"g":0,"b":0},{"x":0.6156,"y":0.28,"r":255,"g":0,"b":137},{"x":0.5352,"y":0.279,"r":255,"g":53,"b":185}],"_t":224.468}
{"endpoint":11,"source":"fc03","fc03_flags":339,"on":true,"bri":203,"gradient":true,"n":5,"style":0,"segments":5,"scale":5.0,"scale_raw":40,"offset":0,"offset_raw":0,"fade":4,"colors":[{"x":0.512,"y":0.4362,"r":255,"g":203,"b":0},{"x":0.6152,"y":0.3647,"r":255,"g":122,"b":0},{"x":0.6696,"y":0.323,"r":255,"g":0,"b":0},{"x":0.6156,"y":0.28,"r":255,"g":0,"b":137},{"x":0.5352,"y":0.279,"r":255,"g":53,"b":185}],"_t":225.748}
{"endpoint":11,"source":"fc03","fc03_flags":339,"on":true,"bri":203,"gradient":true,"n":5,"style":0,"segments":5,"scale":5.0,"scale_raw":40,"offset":0,"offset_raw":0,"fade":4,"colors":[{"x":0.512,"y":0.4362,"r":255,"g":203,"b":0},{"x":0.6152,"y":0.3647,"r":255,"g":122,"b":0},{"x":0.6696,"y":0.323,"r":255,"g":0,"b":0},{"x":0.6156,"y":0.28,"r":255,"g":0,"b":137},{"x":0.5352,"y":0.279,"r":255,"g":53,"b":185}],"_t":227.314}
{"endpoint":11,"source":"fc03","fc03_flags":467,"on":true,"bri":203,"gradient":true,"n":5,"style":0,"segments":5,"scale":5.0,"scale_raw":40,"offset":4,"offset_raw":32,"fade":4,"effect_speed":160,"colors":[{"x":0.5352,"y":0.279,"r":255,"g":53,"b":185},{"x":0.6156,"y":0.28,"r":255,"g":0,"b":137},{"x":0.6696,"y":0.323,"r":255,"g":0,"b":0},{"x":0.6152,"y":0.3647,"r":255,"g":122,"b":0},{"x":0.512,"y":0.4362,"r":255,"g":203,"b":0}],"_t":228.657}
{"endpoint":11,"source":"fc03","fc03_flags":467,"on":true,"bri":234,"gradient":true,"n":5,"style":0,"segments":5,"scale":5.0,"scale_raw":40,"offset":0,"offset_raw":0,"fade":4,"effect_speed":154,"colors":[{"x":0.4677,"y":0.4409,"r":255,"g":230,"b":74},{"x":0.5379,"y":0.4037,"r":255,"g":195,"b":40},{"x":0.5906,"y":0.369,"r":255,"g":150,"b":3},{"x":0.6427,"y":0.3312,"r":255,"g":0,"b":0},{"x":0.1869,"y":0.1311,"r":179,"g":211,"b":255}],"_t":230.269}
{"endpoint":11,"source":"fc03","fc03_flags":339,"on":true,"bri":203,"gradient":true,"n":5,"style":0,"segments":5,"scale":5.0,"scale_raw":40,"offset":0,"offset_raw":0,"fade":4,"colors":[{"x":0.512,"y":0.4362,"r":255,"g":203,"b":0},{"x":0.6152,"y":0.3647,"r":255,"g":122,"b":0},{"x":0.6696,"y":0.323,"r":255,"g":0,"b":0},{"x":0.6156,"y":0.28,"r":255,"g":0,"b":137},{"x":0.5352,"y":0.279,"r":255,"g":53,"b":185}],"_t":237.299}
{"endpoint":11,"source":"fc03","fc03_flags":467,"on":true,"bri":203,"gradient":true,"n":5,"style":0,"segments":5,"scale":5.0,"scale_raw":40,"offset":4,"offset_raw":32,"fade":4,"effect_speed":224,"colors":[{"x":0.5352,"y":0.279,"r":255,"g":53,"b":185},{"x":0.6156,"y":0.28,"r":255,"g":0,"b":137},{"x":0.6696,"y":0.323,"r":255,"g":0,"b":0},{"x":0.6152,"y":0.3647,"r":255,"g":122,"b":0},{"x":0.512,"y":0.4362,"r":255,"g":203,"b":0}],"_t":241.884}
{"endpoint":11,"source":"fc03","fc03_flags":339,"on":true,"bri":203,"gradient":true,"n":5,"style":0,"segments":5,"scale":5.0,"scale_raw":40,"offset":0,"offset_raw":0,"fade":4,"colors":[{"x":0.4692,"y":0.4526,"r":255,"g":218,"b":48},{"x":0.5472,"y":0.3727,"r":255,"g":164,"b":82},{"x":0.5352,"y":0.2901,"r":255,"g":85,"b":175},{"x":0.5526,"y":0.2679,"r":255,"g":0,"b":187},{"x":0.2587,"y":0.1261,"r":255,"g":76,"b":255}],"_t":255.755}
{"endpoint":11,"source":"fc03","fc03_flags":339,"on":true,"bri":203,"gradient":true,"n":5,"style":0,"segments":5,"scale":5.0,"scale_raw":40,"offset":0,"offset_raw":0,"fade":4,"colors":[{"x":0.4692,"y":0.4526,"r":255,"g":218,"b":48},{"x":0.5472,"y":0.3727,"r":255,"g":164,"b":82},{"x":0.5352,"y":0.2901,"r":255,"g":85,"b":175},{"x":0.5526,"y":0.2679,"r":255,"g":0,"b":187},{"x":0.2587,"y":0.1261,"r":255,"g":76,"b":255}],"_t":256.779}
{"endpoint":11,"source":"fc03","fc03_flags":339,"on":true,"bri":203,"gradient":true,"n":5,"style":0,"segments":5,"scale":5.0,"scale_raw":40,"offset":0,"offset_raw":0,"fade":4,"colors":[{"x":0.4692,"y":0.4526,"r":255,"g":218,"b":48},{"x":0.5472,"y":0.3727,"r":255,"g":164,"b":82},{"x":0.5352,"y":0.2901,"r":255,"g":85,"b":175},{"x":0.5526,"y":0.2679,"r":255,"g":0,"b":187},{"x":0.2587,"y":0.1261,"r":255,"g":76,"b":255}],"_t":260.265}
{"endpoint":11,"source":"fc03","fc03_flags":467,"on":true,"bri":203,"gradient":true,"n":5,"style":0,"segments":5,"scale":5.0,"scale_raw":40,"offset":4,"offset_raw":32,"fade":4,"effect_speed":160,"colors":[{"x":0.2587,"y":0.1261,"r":255,"g":76,"b":255},{"x":0.5526,"y":0.2679,"r":255,"g":0,"b":187},{"x":0.5352,"y":0.2901,"r":255,"g":85,"b":175},{"x":0.5472,"y":0.3727,"r":255,"g":164,"b":82},{"x":0.4692,"y":0.4526,"r":255,"g":218,"b":48}],"_t":261.839}
{"endpoint":11,"source":"fc03","fc03_flags":467,"on":true,"bri":234,"gradient":true,"n":5,"style":0,"segments":5,"scale":5.0,"scale_raw":40,"offset":0,"offset_raw":0,"fade":4,"effect_speed":154,"colors":[{"x":0.4677,"y":0.4409,"r":255,"g":230,"b":74},{"x":0.5379,"y":0.4037,"r":255,"g":195,"b":40},{"x":0.5906,"y":0.369,"r":255,"g":150,"b":3},{"x":0.6427,"y":0.3312,"r":255,"g":0,"b":0},{"x":0.1869,"y":0.1311,"r":179,"g":211,"b":255}],"_t":263.363}
{"endpoint":11,"source":"fc03","fc03_flags":339,"on":true,"bri":203,"gradient":true,"n":5,"style":0,"segments":5,"scale":5.0,"scale_raw":40,"offset":0,"offset_raw":0,"fade":4,"colors":[{"x":0.4692,"y":0.4526,"r":255,"g":218,"b":48},{"x":0.5472,"y":0.3727,"r":255,"g":164,"b":82},{"x":0.5352,"y":0.2901,"r":255,"g":85,"b":175},{"x":0.5526,"y":0.2679,"r":255,"g":0,"b":187},{"x":0.2587,"y":0.1261,"r":255,"g":76,"b":255}],"_t":269.202}
{"endpoint":11,"source":"fc03","fc03_flags":27,"fade":4,"on":true,"bri":90,"x":0.561,"y":0.4042,"r":255,"g":120,"b":0,"_t":271.338}
{"endpoint":11,"source":"fc03","fc03_flags":467,"on":true,"bri":203,"gradient":true,"n":5,"style":0,"segments":5,"scale":5.0,"scale_raw":40,"offset":4,"offset_raw":32,"fade":4,"effect_speed":224,"colors":[{"x":0.5352,"y":0.279,"r":255,"g":53,"b":185},{"x":0.6156,"y":0.28,"r":255,"g":0,"b":137},{"x":0.6696,"y":0.323,"r":255,"g":0,"b":0},{"x":0.6152,"y":0.3647,"r":255,"g":122,"b":0},{"x":0.512,"y":0.4362,"r":255,"g":203,"b":0}],"_t":309.834}
{"endpoint":11,"source":"fc03","fc03_flags":27,"fade":4,"on":true,"bri":90,"x":0.561,"y":0.4042,"r":255,"g":120,"b":0,"_t":341.722}
{"endpoint":11,"source":"fc03","fc03_flags":339,"on":true,"bri":203,"gradient":true,"n":5,"style":0,"segments":5,"scale":5.0,"scale_raw":40,"offset":0,"offset_raw":0,"fade":4,"colors":[{"x":0.4692,"y":0.4526,"r":255,"g":218,"b":48},{"x":0.5472,"y":0.3727,"r":255,"g":164,"b":82},{"x":0.5352,"y":0.2901,"r":255,"g":85,"b":175},{"x":0.5526,"y":0.2679,"r":255,"g":0,"b":187},{"x":0.2587,"y":0.1261,"r":255,"g":76,"b":255}],"_t":345.763}
{"endpoint":11,"source":"fc03","fc03_flags":27,"fade":4,"on":true,"bri":90,"x":0.561,"y":0.4042,"r":255,"g":120,"b":0,"_t":378.877}
{"endpoint":11,"source":"fc03","fc03_flags":467,"on":true,"bri":203,"gradient":true,"n":5,"style":0,"segments":5,"scale":5.0,"scale_raw":40,"offset":4,"offset_raw":32,"fade":4,"effect_speed":224,"colors":[{"x":0.5352,"y":0.279,"r":255,"g":53,"b":185},{"x":0.6156,"y":0.28,"r":255,"g":0,"b":137},{"x":0.6696,"y":0.323,"r":255,"g":0,"b":0},{"x":0.6152,"y":0.3647,"r":255,"g":122,"b":0},{"x":0.512,"y":0.4362,"r":255,"g":203,"b":0}],"_t":399.004}
{"endpoint":11,"source":"fc03","fc03_flags":18,"fade":4,"on":true,"bri":203,"x":0.561,"y":0.4042,"r":255,"g":175,"b":0,"_t":408.35}
{"endpoint":11,"source":"fc03","fc03_flags":18,"fade":4,"on":true,"bri":179,"x":0.561,"y":0.4042,"r":255,"g":165,"b":0,"_t":409.829}
{"endpoint":11,"source":"fc03","fc03_flags":18,"fade":4,"on":true,"bri":138,"x":0.561,"y":0.4042,"r":255,"g":147,"b":0,"_t":410.094}
{"endpoint":11,"source":"fc03","fc03_flags":18,"fade":4,"on":true,"bri":140,"x":0.561,"y":0.4042,"r":255,"g":148,"b":0,"_t":410.329}
{"endpoint":11,"source":"fc03","fc03_flags":17,"fade":8,"on":false,"bri":140,"x":0.561,"y":0.4042,"r":0,"g":0,"b":0,"_t":444.469}
{"endpoint":11,"source":"fc03","fc03_flags":17,"fade":4,"on":true,"bri":140,"x":0.561,"y":0.4042,"r":255,"g":148,"b":0,"_t":459.407}
{"endpoint":11,"source":"fc03","fc03_flags":467,"on":true,"bri":203,"gradient":true,"n":5,"style":0,"segments":5,"scale":5.0,"scale_raw":40,"offset":4,"offset_raw":32,"fade":4,"effect_speed":224,"colors":[{"x":0.5352,"y":0.279,"r":255,"g":53,"b":185},{"x":0.6156,"y":0.28,"r":255,"g":0,"b":137},{"x":0.6696,"y":0.323,"r":255,"g":0,"b":0},{"x":0.6152,"y":0.3647,"r":255,"g":122,"b":0},{"x":0.512,"y":0.4362,"r":255,"g":203,"b":0}],"_t":592.315}
{"endpoint":11,"source":"fc03","fc03_flags":339,"on":true,"bri":203,"gradient":true,"n":5,"style":0,"segments":5,"scale":5.0,"scale_raw":40,"offset":0,"offset_raw":0,"fade":4,"colors":[{"x":0.512,"y":0.4362,"r":255,"g":203,"b":0},{"x":0.6152,"y":0.3647,"r":255,"g":122,"b":0},{"x":0.6696,"y":0.323,"r":255,"g":0,"b":0},{"x":0.6156,"y":0.28,"r":255,"g":0,"b":137},{"x":0.5352,"y":0.279,"r":255,"g":53,"b":185}],"_t":609.237}
{"endpoint":11,"source":"fc03","fc03_flags":467,"on":true,"bri":203,"gradient":true,"n":5,"style":0,"segments":5,"scale":5.0,"scale_raw":40,"offset":4,"offset_raw":32,"fade":4,"effect_speed":224,"colors":[{"x":0.5352,"y":0.279,"r":255,"g":53,"b":185},{"x":0.6156,"y":0.28,"r":255,"g":0,"b":137},{"x":0.6696,"y":0.323,"r":255,"g":0,"b":0},{"x":0.6152,"y":0.3647,"r":255,"g":122,"b":0},{"x":0.512,"y":0.4362,"r":255,"g":203,"b":0}],"_t":628.322}
{"endpoint":11,"source":"fc03","fc03_flags":339,"on":true,"bri":203,"gradient":true,"n":5,"style":0,"segments":5,"scale":5.0,"scale_raw":40,"offset":0,"offset_raw":0,"fade":4,"colors":[{"x":0.512,"y":0.4362,"r":255,"g":203,"b":0},{"x":0.6152,"y":0.3647,"r":255,"g":122,"b":0},{"x":0.6696,"y":0.323,"r":255,"g":0,"b":0},{"x":0.6156,"y":0.28,"r":255,"g":0,"b":137},{"x":0.5352,"y":0.279,"r":255,"g":53,"b":185}],"_t":672.288}
{"endpoint":11,"source":"fc03","fc03_flags":339,"on":true,"bri":203,"gradient":true,"n":5,"style":0,"segments":5,"scale":5.0,"scale_raw":40,"offset":0,"offset_raw":0,"fade":4,"colors":[{"x":0.4692,"y":0.4526,"r":255,"g":218,"b":48},{"x":0.5472,"y":0.3727,"r":255,"g":164,"b":82},{"x":0.5352,"y":0.2901,"r":255,"g":85,"b":175},{"x":0.5526,"y":0.2679,"r":255,"g":0,"b":187},{"x":0.2587,"y":0.1261,"r":255,"g":76,"b":255}],"_t":1075.493}
{"endpoint":11,"source":"fc03","fc03_flags":467,"on":true,"bri":234,"gradient":true,"n":5,"style":0,"segments":5,"scale":5.0,"scale_raw":40,"offset":0,"offset_raw":0,"fade":4,"effect_speed":154,"colors":[{"x":0.4677,"y":0.4409,"r":255,"g":230,"b":74},{"x":0.5379,"y":0.4037,"r":255,"g":195,"b":40},{"x":0.5906,"y":0.369,"r":255,"g":150,"b":3},{"x":0.6427,"y":0.3312,"r":255,"g":0,"b":0},{"x":0.1869,"y":0.1311,"r":179,"g":211,"b":255}],"_t":1077.291}
{"endpoint":11,"source":"fc03","fc03_flags":23,"fade":4,"on":true,"bri":143,"x":0.561,"y":0.4042,"r":255,"g":149,"b":0,"_t":1083.804}
{"endpoint":11,"source":"fc03","fc03_flags":467,"on":true,"bri":234,"gradient":true,"n":5,"style":0,"segments":5,"scale":5.0,"scale_raw":40,"offset":0,"offset_raw":0,"fade":4,"effect_speed":154,"colors":[{"x":0.4677,"y":0.4409,"r":255,"g":230,"b":74},{"x":0.5379,"y":0.4037,"r":255,"g":195,"b":40},{"x":0.5906,"y":0.369,"r":255,"g":150,"b":3},{"x":0.6427,"y":0.3312,"r":255,"g":0,"b":0},{"x":0.1869,"y":0.1311,"r":179,"g":211,"b":255}],"_t":1085.537}
